#          "WCT"        "GVT VALUE"           "EVENTS"     "CUMUL EVENTS"
        1.091000         156.845731                570                570
        2.032000         238.426628                850               1420
        3.056000         310.194156                910               2330
        4.043000         391.308732               1270               3600
        5.019000         487.409756               1560               5160
        6.032000         597.657760               1780               6940
        7.078000         713.892649               2140               9080
        8.043000         844.252462               2400              11480
        9.024000         980.344190               2420              13900
       10.027000        1131.499661               2800              16700
       11.052000        1288.340154               2710              19410
       12.073000        1454.224471               2790              22200
       13.095000        1619.579667               3180              25380
