#          "WCT"        "GVT VALUE"           "EVENTS"     "CUMUL EVENTS"
        1.104000         153.234349                160                160
        2.050000         238.106962                230                390
        3.027000         301.409741                340                730
        4.017000         375.725055                630               1360
        5.023000         455.293868               1170               2530
        6.028000         537.372724               1290               3820
        7.068000         630.957126               1750               5570
        8.048000         737.240128               2010               7580
        9.059000         851.254967               2070               9650
       10.027000         974.821140               2150              11800
       11.058000        1108.354120               2310              14110
