#          "WCT"        "GVT VALUE"           "EVENTS"     "CUMUL EVENTS"
        1.081000         153.234349                260                260
        2.054000         238.106962                540                800
        3.029000         301.409741                600               1400
        4.028000         375.725055               1040               2440
        5.025000         455.293868                990               3430
        6.028000         537.372724               1410               4840
        7.060000         630.957126               1790               6630
        8.039000         737.240128               2210               8840
        9.056000         851.254967               2030              10870
       10.031000         974.821140               2510              13380
       11.055000        1108.354120               2430              15810
