#          "WCT"        "GVT VALUE"           "EVENTS"     "CUMUL EVENTS"
        1.110000         153.234349                  0                  0
        2.036000         238.106962                460                460
        3.028000         301.409741                650               1110
        4.031000         375.725055                770               1880
        5.019000         455.293868               1250               3130
        6.036000         537.372724               1420               4550
        7.069000         630.957126               1850               6400
        8.048000         737.240128               2020               8420
        9.064000         851.254967               2020              10440
       10.032000         974.821140               2180              12620
       11.052000        1108.354120               2450              15070
