#          "WCT"        "GVT VALUE"           "EVENTS"     "CUMUL EVENTS"
        1.073000         153.234349                 30                 30
        2.039000         238.106962                370                400
        3.030000         301.409741                500                900
        4.019000         375.725055                840               1740
        5.021000         455.293868               1320               3060
        6.025000         537.372724               1440               4500
        7.071000         630.957126               1560               6060
        8.058000         737.240128               2140               8200
        9.065000         851.254967               2130              10330
       10.034000         974.821140               2280              12610
       11.058000        1108.354120               2500              15110
