#          "WCT"        "GVT VALUE"           "EVENTS"     "CUMUL EVENTS"
        1.112000         153.234349                690                690
        2.061000         238.106962                770               1460
        3.022000         301.409741                760               2220
        4.023000         375.725055               1170               3390
        5.020000         455.293868               1300               4690
        6.028000         537.372724               1630               6320
        7.058000         630.957126               1720               8040
        8.058000         737.240128               2180              10220
        9.068000         851.254967               1990              12210
       10.038000         974.821140               2290              14500
       11.056000        1108.354120               2430              16930
