#          "WCT"        "GVT VALUE"           "EVENTS"     "CUMUL EVENTS"
        1.131000         153.234349                670                670
        2.036000         238.106962                630               1300
        3.033000         301.409741                820               2120
        4.033000         375.725055               1260               3380
        5.017000         455.293868               1470               4850
        6.037000         537.372724               1620               6470
        7.061000         630.957126               1750               8220
        8.052000         737.240128               1940              10160
        9.060000         851.254967               1980              12140
       10.039000         974.821140               2300              14440
       11.059000        1108.354120               2350              16790
