#          "WCT"        "GVT VALUE"           "EVENTS"     "CUMUL EVENTS"
        1.092000         156.845731                160                160
        2.011000         238.426628                480                640
        3.049000         310.194156                690               1330
        4.042000         391.308732                930               2260
        5.016000         487.409756               1490               3750
        6.038000         597.657760               1810               5560
        7.077000         713.892649               2120               7680
        8.046000         844.252462               2370              10050
        9.021000         980.344190               2490              12540
       10.034000        1131.499661               2890              15430
       11.057000        1288.340154               2920              18350
       12.068000        1454.224471               2850              21200
       13.096000        1619.579667               3030              24230
