#          "WCT"        "GVT VALUE"           "EVENTS"     "CUMUL EVENTS"
        1.076000         153.234349                380                380
        2.054000         238.106962                640               1020
        3.015000         301.409741                720               1740
        4.027000         375.725055               1070               2810
        5.027000         455.293868               1340               4150
        6.035000         537.372724               1430               5580
        7.059000         630.957126               1720               7300
        8.045000         737.240128               1810               9110
        9.067000         851.254967               2130              11240
       10.033000         974.821140               2390              13630
       11.053000        1108.354120               2350              15980
