#          "WCT"        "GVT VALUE"           "EVENTS"     "CUMUL EVENTS"
        1.097000         153.234349                  0                  0
        2.054000         238.106962                 50                 50
        3.020000         301.409741                120                170
        4.023000         375.725055                410                580
        5.018000         455.293868                840               1420
        6.026000         537.372724               1370               2790
        7.061000         630.957126               1820               4610
        8.059000         737.240128               1990               6600
        9.069000         851.254967               2150               8750
       10.039000         974.821140               2180              10930
       11.053000        1108.354120               2410              13340
