#          "WCT"        "GVT VALUE"           "EVENTS"     "CUMUL EVENTS"
        1.115000         153.234349                170                170
        2.040000         238.106962                540                710
        3.021000         301.409741                490               1200
        4.028000         375.725055                770               1970
        5.020000         455.293868               1190               3160
        6.038000         537.372724               1510               4670
        7.062000         630.957126               1760               6430
        8.038000         737.240128               2000               8430
        9.063000         851.254967               2150              10580
       10.028000         974.821140               2200              12780
       11.052000        1108.354120               2560              15340
