#          "WCT"        "GVT VALUE"           "EVENTS"     "CUMUL EVENTS"
        1.110000         156.845731                260                260
        2.022000         238.426628                240                500
        3.058000         310.194156                340                840
        4.044000         391.308732                610               1450
        5.024000         487.409756               1330               2780
        6.036000         597.657760               1940               4720
        7.079000         713.892649               2120               6840
        8.033000         844.252462               2230               9070
        9.024000         980.344190               2620              11690
       10.042000        1131.499661               2850              14540
       11.056000        1288.340154               2750              17290
       12.070000        1454.224471               2660              19950
       13.093000        1619.579667               3180              23130
