#          "WCT"        "GVT VALUE"           "EVENTS"     "CUMUL EVENTS"
        1.080000         153.234349                150                150
        2.050000         238.106962                290                440
        3.029000         301.409741                480                920
        4.031000         375.725055                690               1610
        5.025000         455.293868                830               2440
        6.025000         537.372724               1430               3870
        7.069000         630.957126               1670               5540
        8.038000         737.240128               2060               7600
        9.061000         851.254967               1910               9510
       10.037000         974.821140               2220              11730
       11.053000        1108.354120               2640              14370
