#          "WCT"        "GVT VALUE"           "EVENTS"     "CUMUL EVENTS"
        1.059000         156.845731                330                330
        2.009000         238.426628                410                740
        3.058000         310.194156                360               1100
        4.055000         391.308732                710               1810
        5.017000         487.409756               1220               3030
        6.032000         597.657760               1950               4980
        7.073000         713.892649               1940               6920
        8.037000         844.252462               2470               9390
        9.022000         980.344190               2430              11820
       10.033000        1131.499661               2800              14620
       11.051000        1288.340154               3000              17620
       12.067000        1454.224471               3150              20770
       13.089000        1619.579667               2830              23600
