#          "WCT"        "GVT VALUE"           "EVENTS"     "CUMUL EVENTS"
        1.079000         156.845731                270                270
        2.014000         238.426628                280                550
        3.055000         310.194156                310                860
        4.057000         391.308732                650               1510
        5.018000         487.409756               1450               2960
        6.039000         597.657760               1930               4890
        7.081000         713.892649               1940               6830
        8.033000         844.252462               2280               9110
        9.034000         980.344190               2590              11700
       10.037000        1131.499661               2860              14560
       11.050000        1288.340154               2930              17490
       12.074000        1454.224471               2980              20470
       13.096000        1619.579667               3030              23500
