#          "WCT"        "GVT VALUE"           "EVENTS"     "CUMUL EVENTS"
        1.133000         156.845731                610                610
        2.020000         238.426628               1250               1860
        3.056000         310.194156               1140               3000
        4.053000         391.308732               1200               4200
        5.025000         487.409756               1710               5910
        6.029000         597.657760               1940               7850
        7.079000         713.892649               2140               9990
        8.039000         844.252462               2360              12350
        9.029000         980.344190               2730              15080
       10.037000        1131.499661               2860              17940
       11.051000        1288.340154               3120              21060
       12.078000        1454.224471               2970              24030
       13.095000        1619.579667               2810              26840
