#          "WCT"        "GVT VALUE"           "EVENTS"     "CUMUL EVENTS"
        1.065000         153.234349                300                300
        2.050000         238.106962                730               1030
        3.030000         301.409741                590               1620
        4.021000         375.725055               1160               2780
        5.028000         455.293868               1410               4190
        6.026000         537.372724               1540               5730
        7.070000         630.957126               1690               7420
        8.046000         737.240128               1780               9200
        9.068000         851.254967               2050              11250
       10.033000         974.821140               2290              13540
       11.054000        1108.354120               2460              16000
