#          "WCT"        "GVT VALUE"           "EVENTS"     "CUMUL EVENTS"
        1.061000         156.845731                410                410
        2.024000         238.426628                460                870
        3.060000         310.194156                610               1480
        4.045000         391.308732                900               2380
        5.015000         487.409756               1490               3870
        6.027000         597.657760               2140               6010
        7.074000         713.892649               2210               8220
        8.050000         844.252462               2530              10750
        9.024000         980.344190               2620              13370
       10.042000        1131.499661               2720              16090
       11.050000        1288.340154               2820              18910
       12.067000        1454.224471               3150              22060
       13.091000        1619.579667               3230              25290
