#          "WCT"        "GVT VALUE"           "EVENTS"     "CUMUL EVENTS"
        1.112000         156.845731                470                470
        2.024000         238.426628                650               1120
        3.058000         310.194156                720               1840
        4.055000         391.308732               1230               3070
        5.019000         487.409756               1530               4600
        6.040000         597.657760               2110               6710
        7.075000         713.892649               2320               9030
        8.034000         844.252462               2340              11370
        9.026000         980.344190               2560              13930
       10.041000        1131.499661               2830              16760
       11.057000        1288.340154               2960              19720
       12.075000        1454.224471               3010              22730
       13.094000        1619.579667               3100              25830
