#          "WCT"        "GVT VALUE"           "EVENTS"     "CUMUL EVENTS"
        1.075000         156.845731                200                200
        2.025000         238.426628                500                700
        3.061000         310.194156                620               1320
        4.052000         391.308732               1150               2470
        5.026000         487.409756               1640               4110
        6.040000         597.657760               2070               6180
        7.079000         713.892649               2150               8330
        8.039000         844.252462               2430              10760
        9.029000         980.344190               2140              12900
       10.041000        1131.499661               3030              15930
       11.059000        1288.340154               2840              18770
       12.072000        1454.224471               3010              21780
       13.091000        1619.579667               3000              24780
