#          "WCT"        "GVT VALUE"           "EVENTS"     "CUMUL EVENTS"
        1.082000         156.845731                540                540
        2.023000         238.426628                430                970
        3.047000         310.194156                560               1530
        4.043000         391.308732               1100               2630
        5.020000         487.409756               1700               4330
        6.029000         597.657760               2010               6340
        7.064000         713.892649               2070               8410
        8.044000         844.252462               2470              10880
        9.032000         980.344190               2710              13590
       10.040000        1131.499661               2970              16560
       11.059000        1288.340154               3070              19630
       12.071000        1454.224471               2970              22600
       13.094000        1619.579667               3220              25820
