#          "WCT"        "GVT VALUE"           "EVENTS"     "CUMUL EVENTS"
        1.083000         156.845731                568                568
        2.039000         238.426628               1085               1653
        3.047000         310.194156               1198               2851
        4.054000         391.308732               2110               4961
        5.034000         487.409756               2990               7951
        6.031000         597.657760               3720              11671
        7.071000         713.892649               4260              15931
        8.049000         844.252462               4730              20661
        9.030000         980.344190               5090              25751
       10.044000        1131.499661               5440              31191
       11.065000        1288.340154               5750              36941
       12.074000        1454.224471               5960              42901
       13.096000        1619.579667               6160              49061
