#          "WCT"        "GVT VALUE"           "EVENTS"     "CUMUL EVENTS"
        1.121000         153.234349                690                690
        2.037000         238.106962                910               1600
        3.019000         301.409741                940               2540
        4.023000         375.725055               1070               3610
        5.021000         455.293868               1530               5140
        6.037000         537.372724               1420               6560
        7.061000         630.957126               1660               8220
        8.054000         737.240128               1820              10040
        9.059000         851.254967               2090              12130
       10.038000         974.821140               2150              14280
       11.053000        1108.354120               2550              16830
