#          "WCT"        "GVT VALUE"           "EVENTS"     "CUMUL EVENTS"
        1.110000         153.234349                400                400
        2.049000         238.106962                560                960
        3.022000         301.409741                670               1630
        4.030000         375.725055               1130               2760
        5.018000         455.293868               1330               4090
        6.034000         537.372724               1490               5580
        7.068000         630.957126               1790               7370
        8.053000         737.240128               1850               9220
        9.065000         851.254967               2170              11390
       10.038000         974.821140               2150              13540
       11.053000        1108.354120               2380              15920
