#          "WCT"        "GVT VALUE"           "EVENTS"     "CUMUL EVENTS"
        1.120000         153.234349                560                560
        2.045000         238.106962                800               1360
        3.029000         301.409741                760               2120
        4.020000         375.725055               1150               3270
        5.028000         455.293868               1340               4610
        6.038000         537.372724               1490               6100
        7.068000         630.957126               1630               7730
        8.025000         737.240128               2120               9850
        9.067000         851.254967               1950              11800
       10.026000         974.821140               2160              13960
       11.057000        1108.354120               2430              16390
