#          "WCT"        "GVT VALUE"           "EVENTS"     "CUMUL EVENTS"
        1.117000         156.845731                160                160
        2.025000         238.426628                220                380
        3.054000         310.194156                340                720
        4.049000         391.308732                630               1350
        5.016000         487.409756               1160               2510
        6.041000         597.657760               2020               4530
        7.077000         713.892649               2130               6660
        8.041000         844.252462               2340               9000
        9.030000         980.344190               2500              11500
       10.040000        1131.499661               2690              14190
       11.061000        1288.340154               3140              17330
       12.063000        1454.224471               3020              20350
       13.094000        1619.579667               3190              23540
