1282
40
0;34;0,841,1,842,41,882,441,42,883,442,43,884,443,44,885,444,45,886,445,46,887,446,47,888,447,48,889,448,49,890,449,50,891,450
1;32;2,843,51,892,451,52,893,452,53,894,453,54,895,454,55,896,455,56,897,456,57,898,457,58,899,458,59,900,459,60,901,460
2;32;3,844,61,902,461,62,903,462,63,904,463,64,905,464,65,906,465,66,907,466,67,908,467,68,909,468,69,910,469,70,911,470
3;32;4,845,71,912,471,72,913,472,73,914,473,74,915,474,75,916,475,76,917,476,77,918,477,78,919,478,79,920,479,80,921,480
4;32;5,846,81,922,481,82,923,482,83,924,483,84,925,484,85,926,485,86,927,486,87,928,487,88,929,488,89,930,489,90,931,490
5;32;6,847,91,932,491,92,933,492,93,934,493,94,935,494,95,936,495,96,937,496,97,938,497,98,939,498,99,940,499,100,941,500
6;32;7,848,101,942,501,102,943,502,103,944,503,104,945,504,105,946,505,106,947,506,107,948,507,108,949,508,109,950,509,110,951,510
7;32;8,849,111,952,511,112,953,512,113,954,513,114,955,514,115,956,515,116,957,516,117,958,517,118,959,518,119,960,519,120,961,520
8;32;9,850,121,962,521,122,963,522,123,964,523,124,965,524,125,966,525,126,967,526,127,968,527,128,969,528,129,970,529,130,971,530
9;32;10,851,131,972,531,132,973,532,133,974,533,134,975,534,135,976,535,136,977,536,137,978,537,138,979,538,139,980,539,140,981,540
10;32;11,852,141,982,541,142,983,542,143,984,543,144,985,544,145,986,545,146,987,546,147,988,547,148,989,548,149,990,549,150,991,550
11;32;12,853,151,992,551,152,993,552,153,994,553,154,995,554,155,996,555,156,997,556,157,998,557,158,999,558,159,1000,559,160,1001,560
12;32;13,854,161,1002,561,162,1003,562,163,1004,563,164,1005,564,165,1006,565,166,1007,566,167,1008,567,168,1009,568,169,1010,569,170,1011,570
13;32;14,855,171,1012,571,172,1013,572,173,1014,573,174,1015,574,175,1016,575,176,1017,576,177,1018,577,178,1019,578,179,1020,579,180,1021,580
14;32;15,856,181,1022,581,182,1023,582,183,1024,583,184,1025,584,185,1026,585,186,1027,586,187,1028,587,188,1029,588,189,1030,589,190,1031,590
15;32;16,857,191,1032,591,192,1033,592,193,1034,593,194,1035,594,195,1036,595,196,1037,596,197,1038,597,198,1039,598,199,1040,599,200,1041,600
16;32;17,858,201,1042,601,202,1043,602,203,1044,603,204,1045,604,205,1046,605,206,1047,606,207,1048,607,208,1049,608,209,1050,609,210,1051,610
17;32;18,859,211,1052,611,212,1053,612,213,1054,613,214,1055,614,215,1056,615,216,1057,616,217,1058,617,218,1059,618,219,1060,619,220,1061,620
18;32;19,860,221,1062,621,222,1063,622,223,1064,623,224,1065,624,225,1066,625,226,1067,626,227,1068,627,228,1069,628,229,1070,629,230,1071,630
19;32;20,861,231,1072,631,232,1073,632,233,1074,633,234,1075,634,235,1076,635,236,1077,636,237,1078,637,238,1079,638,239,1080,639,240,1081,640
20;32;21,862,241,1082,641,242,1083,642,243,1084,643,244,1085,644,245,1086,645,246,1087,646,247,1088,647,248,1089,648,249,1090,649,250,1091,650
21;32;22,863,251,1092,651,252,1093,652,253,1094,653,254,1095,654,255,1096,655,256,1097,656,257,1098,657,258,1099,658,259,1100,659,260,1101,660
22;32;23,864,261,1102,661,262,1103,662,263,1104,663,264,1105,664,265,1106,665,266,1107,666,267,1108,667,268,1109,668,269,1110,669,270,1111,670
23;32;24,865,271,1112,671,272,1113,672,273,1114,673,274,1115,674,275,1116,675,276,1117,676,277,1118,677,278,1119,678,279,1120,679,280,1121,680
24;32;25,866,281,1122,681,282,1123,682,283,1124,683,284,1125,684,285,1126,685,286,1127,686,287,1128,687,288,1129,688,289,1130,689,290,1131,690
25;32;26,867,291,1132,691,292,1133,692,293,1134,693,294,1135,694,295,1136,695,296,1137,696,297,1138,697,298,1139,698,299,1140,699,300,1141,700
26;32;27,868,301,1142,701,302,1143,702,303,1144,703,304,1145,704,305,1146,705,306,1147,706,307,1148,707,308,1149,708,309,1150,709,310,1151,710
27;32;28,869,311,1152,711,312,1153,712,313,1154,713,314,1155,714,315,1156,715,316,1157,716,317,1158,717,318,1159,718,319,1160,719,320,1161,720
28;32;29,870,321,1162,721,322,1163,722,323,1164,723,324,1165,724,325,1166,725,326,1167,726,327,1168,727,328,1169,728,329,1170,729,330,1171,730
29;32;30,871,331,1172,731,332,1173,732,333,1174,733,334,1175,734,335,1176,735,336,1177,736,337,1178,737,338,1179,738,339,1180,739,340,1181,740
30;32;31,872,341,1182,741,342,1183,742,343,1184,743,344,1185,744,345,1186,745,346,1187,746,347,1188,747,348,1189,748,349,1190,749,350,1191,750
31;32;32,873,351,1192,751,352,1193,752,353,1194,753,354,1195,754,355,1196,755,356,1197,756,357,1198,757,358,1199,758,359,1200,759,360,1201,760
32;32;33,874,361,1202,761,362,1203,762,363,1204,763,364,1205,764,365,1206,765,366,1207,766,367,1208,767,368,1209,768,369,1210,769,370,1211,770
33;32;34,875,371,1212,771,372,1213,772,373,1214,773,374,1215,774,375,1216,775,376,1217,776,377,1218,777,378,1219,778,379,1220,779,380,1221,780
34;32;35,876,381,1222,781,382,1223,782,383,1224,783,384,1225,784,385,1226,785,386,1227,786,387,1228,787,388,1229,788,389,1230,789,390,1231,790
35;32;36,877,391,1232,791,392,1233,792,393,1234,793,394,1235,794,395,1236,795,396,1237,796,397,1238,797,398,1239,798,399,1240,799,400,1241,800
36;32;37,878,401,1242,801,402,1243,802,403,1244,803,404,1245,804,405,1246,805,406,1247,806,407,1248,807,408,1249,808,409,1250,809,410,1251,810
37;32;38,879,411,1252,811,412,1253,812,413,1254,813,414,1255,814,415,1256,815,416,1257,816,417,1258,817,418,1259,818,419,1260,819,420,1261,820
38;32;39,880,421,1262,821,422,1263,822,423,1264,823,424,1265,824,425,1266,825,426,1267,826,427,1268,827,428,1269,828,429,1270,829,430,1271,830
39;32;40,881,431,1272,831,432,1273,832,433,1274,833,434,1275,834,435,1276,835,436,1277,836,437,1278,837,438,1279,838,439,1280,839,440,1281,840