#          "WCT"        "GVT VALUE"           "EVENTS"     "CUMUL EVENTS"
        1.069000         156.845731                270                270
        2.025000         238.426628                210                480
        3.063000         310.194156                840               1320
        4.044000         391.308732               1020               2340
        5.019000         487.409756               1600               3940
        6.034000         597.657760               1870               5810
        7.076000         713.892649               1980               7790
        8.044000         844.252462               2290              10080
        9.034000         980.344190               2520              12600
       10.036000        1131.499661               2780              15380
       11.061000        1288.340154               3030              18410
       12.066000        1454.224471               2890              21300
       13.095000        1619.579667               3020              24320
