#          "WCT"        "GVT VALUE"           "EVENTS"     "CUMUL EVENTS"
        1.091000         153.234349                420                420
        2.051000         238.106962                510                930
        3.030000         301.409741                680               1610
        4.021000         375.725055               1050               2660
        5.025000         455.293868               1320               3980
        6.030000         537.372724               1550               5530
        7.068000         630.957126               1770               7300
        8.054000         737.240128               2120               9420
        9.068000         851.254967               2170              11590
       10.036000         974.821140               2280              13870
       11.055000        1108.354120               2190              16060
