#          "WCT"        "GVT VALUE"           "EVENTS"     "CUMUL EVENTS"
        1.123000         156.845731                710                710
        2.021000         238.426628                680               1390
        3.064000         310.194156                830               2220
        4.041000         391.308732               1160               3380
        5.019000         487.409756               1630               5010
        6.028000         597.657760               2060               7070
        7.077000         713.892649               2360               9430
        8.044000         844.252462               2330              11760
        9.029000         980.344190               2750              14510
       10.033000        1131.499661               2880              17390
       11.055000        1288.340154               2860              20250
       12.065000        1454.224471               3200              23450
       13.096000        1619.579667               3180              26630
