#          "WCT"        "GVT VALUE"           "EVENTS"     "CUMUL EVENTS"
        1.140000         153.234349                670                670
        2.056000         238.106962               1190               1860
        3.020000         301.409741               1010               2870
        4.031000         375.725055               1290               4160
        5.020000         455.293868               1270               5430
        6.036000         537.372724               1500               6930
        7.070000         630.957126               1730               8660
        8.054000         737.240128               1830              10490
        9.057000         851.254967               2190              12680
       10.035000         974.821140               2320              15000
       11.049000        1108.354120               2540              17540
