#          "WCT"        "GVT VALUE"           "EVENTS"     "CUMUL EVENTS"
        1.126000         156.845731                240                240
        2.031000         238.426628                600                840
        3.048000         310.194156                710               1550
        4.046000         391.308732               1090               2640
        5.026000         487.409756               1680               4320
        6.038000         597.657760               2090               6410
        7.070000         713.892649               2140               8550
        8.040000         844.252462               2270              10820
        9.033000         980.344190               2500              13320
       10.037000        1131.499661               2740              16060
       11.060000        1288.340154               2850              18910
       12.075000        1454.224471               3100              22010
       13.096000        1619.579667               2980              24990
