#          "WCT"        "GVT VALUE"           "EVENTS"     "CUMUL EVENTS"
        1.061000         153.234349                200                200
        2.051000         238.106962                330                530
        3.029000         301.409741                670               1200
        4.029000         375.725055                760               1960
        5.017000         455.293868               1090               3050
        6.037000         537.372724               1400               4450
        7.068000         630.957126               1800               6250
        8.037000         737.240128               2150               8400
        9.068000         851.254967               2110              10510
       10.032000         974.821140               2340              12850
       11.057000        1108.354120               2500              15350
