#          "WCT"        "GVT VALUE"           "EVENTS"     "CUMUL EVENTS"
        1.101000         153.234349                260                260
        2.055000         238.106962                250                510
        3.019000         301.409741                620               1130
        4.021000         375.725055                840               1970
        5.028000         455.293868               1090               3060
        6.027000         537.372724               1400               4460
        7.065000         630.957126               1880               6340
        8.025000         737.240128               1980               8320
        9.066000         851.254967               1940              10260
       10.027000         974.821140               2260              12520
       11.054000        1108.354120               2300              14820
