#          "WCT"        "GVT VALUE"           "EVENTS"     "CUMUL EVENTS"
        1.118000         156.845731                120                120
        2.012000         238.426628                370                490
        3.052000         310.194156                490                980
        4.041000         391.308732                840               1820
        5.025000         487.409756               1120               2940
        6.041000         597.657760               2030               4970
        7.069000         713.892649               2160               7130
        8.042000         844.252462               2350               9480
        9.021000         980.344190               2550              12030
       10.040000        1131.499661               2760              14790
       11.054000        1288.340154               3060              17850
       12.068000        1454.224471               2990              20840
       13.090000        1619.579667               3360              24200
