#          "WCT"        "GVT VALUE"           "EVENTS"     "CUMUL EVENTS"
        1.086000         153.234349                450                450
        2.044000         238.106962                770               1220
        3.021000         301.409741                630               1850
        4.029000         375.725055                960               2810
        5.029000         455.293868               1240               4050
        6.037000         537.372724               1350               5400
        7.059000         630.957126               1860               7260
        8.056000         737.240128               1990               9250
        9.066000         851.254967               2010              11260
       10.034000         974.821140               2260              13520
       11.059000        1108.354120               2460              15980
