#          "WCT"        "GVT VALUE"           "EVENTS"     "CUMUL EVENTS"
        1.096000         156.845731                510                510
        2.014000         238.426628               1040               1550
        3.056000         310.194156                960               2510
        4.051000         391.308732               1340               3850
        5.023000         487.409756               1540               5390
        6.027000         597.657760               1970               7360
        7.079000         713.892649               1980               9340
        8.044000         844.252462               2220              11560
        9.031000         980.344190               2640              14200
       10.031000        1131.499661               2700              16900
       11.056000        1288.340154               2960              19860
       12.074000        1454.224471               2790              22650
       13.091000        1619.579667               3190              25840
