#          "WCT"        "GVT VALUE"           "EVENTS"     "CUMUL EVENTS"
        1.094000         153.234349                390                390
        2.044000         238.106962                520                910
        3.030000         301.409741                390               1300
        4.031000         375.725055                410               1710
        5.028000         455.293868               1150               2860
        6.037000         537.372724               1480               4340
        7.068000         630.957126               1680               6020
        8.057000         737.240128               1890               7910
        9.062000         851.254967               2090              10000
       10.027000         974.821140               2410              12410
       11.059000        1108.354120               2400              14810
