#          "WCT"        "GVT VALUE"           "EVENTS"     "CUMUL EVENTS"
        1.056000         153.234349                  0                  0
        2.044000         238.106962                150                150
        3.016000         301.409741                420                570
        4.024000         375.725055                660               1230
        5.027000         455.293868                920               2150
        6.029000         537.372724               1500               3650
        7.059000         630.957126               1630               5280
        8.051000         737.240128               2110               7390
        9.071000         851.254967               1980               9370
       10.028000         974.821140               2370              11740
       11.059000        1108.354120               2500              14240
