#          "WCT"        "GVT VALUE"           "EVENTS"     "CUMUL EVENTS"
        1.060000         153.234349                280                280
        2.046000         238.106962                520                800
        3.021000         301.409741                610               1410
        4.028000         375.725055                950               2360
        5.020000         455.293868               1330               3690
        6.037000         537.372724               1580               5270
        7.059000         630.957126               1720               6990
        8.059000         737.240128               1990               8980
        9.069000         851.254967               2010              10990
       10.036000         974.821140               2230              13220
       11.053000        1108.354120               2420              15640
