#          "WCT"        "GVT VALUE"           "EVENTS"     "CUMUL EVENTS"
        1.053000         156.845731                520                520
        2.011000         238.426628                610               1130
        3.049000         310.194156                610               1740
        4.053000         391.308732                740               2480
        5.021000         487.409756               1540               4020
        6.041000         597.657760               2100               6120
        7.080000         713.892649               2330               8450
        8.036000         844.252462               2460              10910
        9.029000         980.344190               2560              13470
       10.042000        1131.499661               3010              16480
       11.062000        1288.340154               2890              19370
       12.078000        1454.224471               2980              22350
       13.094000        1619.579667               3090              25440
