#          "WCT"        "GVT VALUE"           "EVENTS"     "CUMUL EVENTS"
        1.128000         153.234349                260                260
        2.044000         238.106962                540                800
        3.032000         301.409741                690               1490
        4.030000         375.725055                890               2380
        5.022000         455.293868                940               3320
        6.040000         537.372724               1680               5000
        7.069000         630.957126               1830               6830
        8.058000         737.240128               1870               8700
        9.059000         851.254967               2150              10850
       10.033000         974.821140               2270              13120
       11.059000        1108.354120               2460              15580
