#          "WCT"        "GVT VALUE"           "EVENTS"     "CUMUL EVENTS"
        1.136000         156.845731                320                320
        2.023000         238.426628                430                750
        3.060000         310.194156                370               1120
        4.046000         391.308732                660               1780
        5.027000         487.409756               1290               3070
        6.042000         597.657760               2170               5240
        7.051000         713.892649               2060               7300
        8.045000         844.252462               2350               9650
        9.031000         980.344190               2640              12290
       10.041000        1131.499661               2770              15060
       11.061000        1288.340154               2750              17810
       12.076000        1454.224471               3050              20860
       13.089000        1619.579667               3160              24020
