#          "WCT"        "GVT VALUE"           "EVENTS"     "CUMUL EVENTS"
        1.092000         153.234349                660                660
        2.035000         238.106962                840               1500
        3.015000         301.409741                710               2210
        4.027000         375.725055               1070               3280
        5.026000         455.293868               1510               4790
        6.031000         537.372724               1400               6190
        7.062000         630.957126               1770               7960
        8.057000         737.240128               2030               9990
        9.058000         851.254967               2020              12010
       10.027000         974.821140               2250              14260
       11.058000        1108.354120               2630              16890
