34
0
1
1
0.33,0.0
1e-11,1e-11,1e-11,0.0,0.0
1e-11,1e-11,1e-11,0.0,0.0

0;-1;13;NODE,1,CENTRAL,1,1923.3,5/1/1/2,0.3,0.1,4/0.0/0.0/0.0/0.0,0.1,3,0.004/0.0/0.0/0.0,200.3
1;22;10;NODE,1,REGIONAL,1,74.3,5/1/1/2,0.1,0.3,0.04/0.0/0.0/0.0/0.0,0.1
2;23;10;NODE,1,LOCAL,1,92.3,5/1/1/2,0.1,0.3,0.2/0.0/0.0/0.0/0.0,0.1
3;23;10;NODE,1,LOCAL,1,92.3,5/1/1/2,0.1,0.3,0.2/0.0/0.0/0.0/0.0,0.1
4;23;10;NODE,1,LOCAL,1,92.3,5/1/1/2,0.1,0.3,0.2/0.0/0.0/0.0/0.0,0.1
5;23;10;NODE,1,LOCAL,1,92.3,5/1/1/2,0.1,0.3,0.2/0.0/0.0/0.0/0.0,0.1
6;23;10;NODE,1,LOCAL,1,92.3,5/1/1/2,0.1,0.3,0.2/0.0/0.0/0.0/0.0,0.1
7;23;10;NODE,1,LOCAL,1,92.3,5/1/1/2,0.1,0.3,0.2/0.0/0.0/0.0/0.0,0.1
8;23;10;NODE,1,LOCAL,1,92.3,5/1/1/2,0.1,0.3,0.2/0.0/0.0/0.0/0.0,0.1
9;23;10;NODE,1,LOCAL,1,92.3,5/1/1/2,0.1,0.3,0.2/0.0/0.0/0.0/0.0,0.1
10;23;10;NODE,1,LOCAL,1,92.3,5/1/1/2,0.1,0.3,0.2/0.0/0.0/0.0/0.0,0.1
11;23;10;NODE,1,LOCAL,1,92.3,5/1/1/2,0.1,0.3,0.2/0.0/0.0/0.0/0.0,0.1
12;24;5;SENSOR,14.3,BATCH,0,0
13;25;5;SENSOR,14.3,BATCH,0,0
14;26;5;SENSOR,14.3,BATCH,0,0
15;27;5;SENSOR,14.3,BATCH,0,0
16;28;5;SENSOR,14.3,BATCH,0,0
17;29;5;SENSOR,14.3,BATCH,0,0
18;30;5;SENSOR,14.3,BATCH,0,0
19;31;5;SENSOR,14.3,BATCH,0,0
20;32;5;SENSOR,14.3,BATCH,0,0
21;33;5;SENSOR,14.3,BATCH,0,0
22;0;4;WAN,0,0.3,0.5
23;1;4;WAN,0,0.3,0.45
24;2;4;LAN,2.3,0,0.5
25;3;4;LAN,2.3,0,0.5
26;4;4;LAN,2.3,0,0.5
27;5;4;LAN,2.3,0,0.5
28;6;4;LAN,2.3,0,0.5
29;7;4;LAN,2.3,0,0.5
30;8;4;LAN,2.3,0,0.5
31;9;4;LAN,2.3,0,0.5
32;10;4;LAN,2.3,0,0.5
33;11;4;LAN,2.3,0,0.5
