#          "WCT"        "GVT VALUE"           "EVENTS"     "CUMUL EVENTS"
        1.131000         153.234349                 70                 70
        2.039000         238.106962                210                280
        3.026000         301.409741                450                730
        4.022000         375.725055                530               1260
        5.026000         455.293868                960               2220
        6.032000         537.372724               1530               3750
        7.070000         630.957126               1780               5530
        8.056000         737.240128               2030               7560
        9.068000         851.254967               2000               9560
       10.038000         974.821140               2200              11760
       11.059000        1108.354120               2320              14080
