#          "WCT"        "GVT VALUE"           "EVENTS"     "CUMUL EVENTS"
        1.128000         156.845731                 20                 20
        2.016000         238.426628                260                280
        3.059000         310.194156                640                920
        4.051000         391.308732               1000               1920
        5.016000         487.409756               1550               3470
        6.029000         597.657760               1850               5320
        7.077000         713.892649               2020               7340
        8.033000         844.252462               2440               9780
        9.036000         980.344190               2420              12200
       10.031000        1131.499661               2880              15080
       11.048000        1288.340154               3090              18170
       12.068000        1454.224471               3260              21430
       13.094000        1619.579667               3190              24620
