#          "WCT"        "GVT VALUE"           "EVENTS"     "CUMUL EVENTS"
        1.105000         156.845731                350                350
        2.016000         238.426628                520                870
        3.063000         310.194156                610               1480
        4.044000         391.308732                970               2450
        5.026000         487.409756               1480               3930
        6.039000         597.657760               1940               5870
        7.079000         713.892649               2060               7930
        8.044000         844.252462               2480              10410
        9.032000         980.344190               2450              12860
       10.031000        1131.499661               2710              15570
       11.048000        1288.340154               3120              18690
       12.077000        1454.224471               3290              21980
       13.083000        1619.579667               3060              25040
