#          "WCT"        "GVT VALUE"           "EVENTS"     "CUMUL EVENTS"
        1.070000         153.234349                150                150
        2.034000         238.106962                200                350
        3.026000         301.409741                530                880
        4.023000         375.725055               1020               1900
        5.020000         455.293868               1310               3210
        6.036000         537.372724               1490               4700
        7.063000         630.957126               1680               6380
        8.055000         737.240128               1990               8370
        9.056000         851.254967               2270              10640
       10.035000         974.821140               2190              12830
       11.052000        1108.354120               2400              15230
