#          "WCT"        "GVT VALUE"           "EVENTS"     "CUMUL EVENTS"
        1.133000         153.234349                670                670
        2.048000         238.106962               1150               1820
        3.024000         301.409741                860               2680
        4.017000         375.725055               1070               3750
        5.026000         455.293868               1530               5280
        6.040000         537.372724               1540               6820
        7.063000         630.957126               1730               8550
        8.051000         737.240128               1860              10410
        9.057000         851.254967               2030              12440
       10.033000         974.821140               2440              14880
       11.052000        1108.354120               2450              17330
