#          "WCT"        "GVT VALUE"           "EVENTS"     "CUMUL EVENTS"
        1.056000         153.234349                374                374
        2.047000         238.106962                904               1278
        3.032000         301.409741                988               2266
        4.017000         375.725055               1660               3926
        5.022000         455.293868               2330               6256
        6.041000         537.372724               2880               9136
        7.069000         630.957126               3380              12516
        8.049000         737.240128               3790              16306
        9.063000         851.254967               4170              20476
       10.037000         974.821140               4480              24956
       11.059000        1108.354120               4740              29696
