#          "WCT"        "GVT VALUE"           "EVENTS"     "CUMUL EVENTS"
        1.109000         153.234349                180                180
        2.052000         238.106962                310                490
        3.014000         301.409741                350                840
        4.018000         375.725055                560               1400
        5.024000         455.293868                950               2350
        6.029000         537.372724               1440               3790
        7.060000         630.957126               1650               5440
        8.025000         737.240128               1940               7380
        9.057000         851.254967               2260               9640
       10.030000         974.821140               2180              11820
       11.058000        1108.354120               2460              14280
