#          "WCT"        "GVT VALUE"           "EVENTS"     "CUMUL EVENTS"
        1.052000         156.845731                400                400
        2.018000         238.426628                470                870
        3.053000         310.194156                450               1320
        4.058000         391.308732                900               2220
        5.027000         487.409756               1450               3670
        6.040000         597.657760               1830               5500
        7.079000         713.892649               2230               7730
        8.037000         844.252462               2380              10110
        9.028000         980.344190               2320              12430
       10.033000        1131.499661               2870              15300
       11.063000        1288.340154               3050              18350
       12.078000        1454.224471               3080              21430
       13.095000        1619.579667               3080              24510
