#          "WCT"        "GVT VALUE"           "EVENTS"     "CUMUL EVENTS"
        1.082000         156.845731                410                410
        2.017000         238.426628                450                860
        3.062000         310.194156                430               1290
        4.044000         391.308732                820               2110
        5.027000         487.409756               1660               3770
        6.029000         597.657760               2110               5880
        7.078000         713.892649               2310               8190
        8.034000         844.252462               2410              10600
        9.024000         980.344190               2650              13250
       10.041000        1131.499661               2640              15890
       11.055000        1288.340154               2710              18600
       12.070000        1454.224471               2940              21540
       13.091000        1619.579667               3200              24740
