#          "WCT"        "GVT VALUE"           "EVENTS"     "CUMUL EVENTS"
        1.092000         156.845731                220                220
        2.009000         238.426628                480                700
        3.053000         310.194156                630               1330
        4.049000         391.308732               1250               2580
        5.016000         487.409756               1620               4200
        6.027000         597.657760               2070               6270
        7.049000         713.892649               2110               8380
        8.043000         844.252462               2430              10810
        9.031000         980.344190               2550              13360
       10.031000        1131.499661               2980              16340
       11.059000        1288.340154               2950              19290
       12.072000        1454.224471               2950              22240
       13.090000        1619.579667               3340              25580
