#          "WCT"        "GVT VALUE"           "EVENTS"     "CUMUL EVENTS"
        1.145000         153.234349                300                300
        2.057000         238.106962                750               1050
        3.026000         301.409741                760               1810
        4.028000         375.725055               1020               2830
        5.016000         455.293868               1150               3980
        6.025000         537.372724               1470               5450
        7.063000         630.957126               1810               7260
        8.057000         737.240128               1940               9200
        9.072000         851.254967               2170              11370
       10.040000         974.821140               2200              13570
       11.059000        1108.354120               2280              15850
