#          "WCT"        "GVT VALUE"           "EVENTS"     "CUMUL EVENTS"
        1.131000         156.845731                260                260
        2.023000         238.426628                340                600
        3.048000         310.194156                350                950
        4.041000         391.308732                660               1610
        5.017000         487.409756               1310               2920
        6.030000         597.657760               2180               5100
        7.070000         713.892649               2090               7190
        8.036000         844.252462               2450               9640
        9.023000         980.344190               2370              12010
       10.039000        1131.499661               2830              14840
       11.061000        1288.340154               2880              17720
       12.074000        1454.224471               3100              20820
       13.094000        1619.579667               3030              23850
