#          "WCT"        "GVT VALUE"           "EVENTS"     "CUMUL EVENTS"
        1.085000         156.845731                100                100
        2.024000         238.426628                480                580
        3.064000         310.194156                790               1370
        4.042000         391.308732               1080               2450
        5.015000         487.409756               1680               4130
        6.039000         597.657760               2030               6160
        7.071000         713.892649               2110               8270
        8.041000         844.252462               2370              10640
        9.024000         980.344190               2380              13020
       10.040000        1131.499661               2600              15620
       11.052000        1288.340154               2990              18610
       12.074000        1454.224471               2960              21570
       13.088000        1619.579667               2990              24560
