#          "WCT"        "GVT VALUE"           "EVENTS"     "CUMUL EVENTS"
        1.121000         156.845731                700                700
        2.022000         238.426628                680               1380
        3.063000         310.194156                870               2250
        4.044000         391.308732                980               3230
        5.024000         487.409756               1460               4690
        6.039000         597.657760               2150               6840
        7.066000         713.892649               2240               9080
        8.046000         844.252462               2500              11580
        9.024000         980.344190               2500              14080
       10.030000        1131.499661               2900              16980
       11.053000        1288.340154               3270              20250
       12.072000        1454.224471               3000              23250
       13.088000        1619.579667               3150              26400
