#          "WCT"        "GVT VALUE"           "EVENTS"     "CUMUL EVENTS"
        1.103000         156.845731                 60                 60
        2.026000         238.426628                110                170
        3.063000         310.194156                 90                260
        4.048000         391.308732                190                450
        5.026000         487.409756               1180               1630
        6.040000         597.657760               2210               3840
        7.077000         713.892649               1830               5670
        8.032000         844.252462               2410               8080
        9.034000         980.344190               2580              10660
       10.037000        1131.499661               2830              13490
       11.047000        1288.340154               3050              16540
       12.069000        1454.224471               3330              19870
       13.095000        1619.579667               3240              23110
