#          "WCT"        "GVT VALUE"           "EVENTS"     "CUMUL EVENTS"
        1.101000         156.845731                220                220
        2.017000         238.426628                310                530
        3.047000         310.194156                490               1020
        4.053000         391.308732               1060               2080
        5.019000         487.409756               1490               3570
        6.029000         597.657760               2060               5630
        7.069000         713.892649               2160               7790
        8.036000         844.252462               2460              10250
        9.034000         980.344190               2590              12840
       10.032000        1131.499661               2870              15710
       11.050000        1288.340154               2900              18610
       12.064000        1454.224471               2960              21570
       13.094000        1619.579667               3230              24800
