#          "WCT"        "GVT VALUE"           "EVENTS"     "CUMUL EVENTS"
        1.137000         153.234349                 70                 70
        2.055000         238.106962                220                290
        3.019000         301.409741                300                590
        4.023000         375.725055                740               1330
        5.029000         455.293868               1290               2620
        6.030000         537.372724               1590               4210
        7.061000         630.957126               1770               5980
        8.055000         737.240128               1890               7870
        9.061000         851.254967               2350              10220
       10.033000         974.821140               2450              12670
       11.059000        1108.354120               2430              15100
