#          "WCT"        "GVT VALUE"           "EVENTS"     "CUMUL EVENTS"
        1.065000         153.234349                360                360
        2.048000         238.106962                480                840
        3.029000         301.409741                470               1310
        4.030000         375.725055                770               2080
        5.018000         455.293868               1120               3200
        6.038000         537.372724               1590               4790
        7.065000         630.957126               1770               6560
        8.049000         737.240128               1990               8550
        9.060000         851.254967               2080              10630
       10.040000         974.821140               2290              12920
       11.060000        1108.354120               2420              15340
