#          "WCT"        "GVT VALUE"           "EVENTS"     "CUMUL EVENTS"
        1.103000         156.845731                180                180
        2.017000         238.426628                530                710
        3.058000         310.194156                580               1290
        4.048000         391.308732                870               2160
        5.022000         487.409756               1240               3400
        6.038000         597.657760               1740               5140
        7.050000         713.892649               2100               7240
        8.042000         844.252462               2310               9550
        9.031000         980.344190               2440              11990
       10.040000        1131.499661               2570              14560
       11.057000        1288.340154               2740              17300
       12.073000        1454.224471               3390              20690
       13.087000        1619.579667               2950              23640
