#          "WCT"        "GVT VALUE"           "EVENTS"     "CUMUL EVENTS"
        1.102000         153.234349                150                150
        2.061000         238.106962                800                950
        3.019000         301.409741                870               1820
        4.022000         375.725055               1100               2920
        5.027000         455.293868               1150               4070
        6.039000         537.372724               1350               5420
        7.057000         630.957126               1890               7310
        8.056000         737.240128               1930               9240
        9.061000         851.254967               2230              11470
       10.040000         974.821140               2320              13790
       11.059000        1108.354120               2350              16140
