#          "WCT"        "GVT VALUE"           "EVENTS"     "CUMUL EVENTS"
        1.099000         156.845731                240                240
        2.024000         238.426628                450                690
        3.052000         310.194156                670               1360
        4.051000         391.308732                970               2330
        5.025000         487.409756               1500               3830
        6.031000         597.657760               1980               5810
        7.076000         713.892649               2070               7880
        8.035000         844.252462               2480              10360
        9.023000         980.344190               2630              12990
       10.039000        1131.499661               2620              15610
       11.050000        1288.340154               2640              18250
       12.073000        1454.224471               3130              21380
       13.092000        1619.579667               3030              24410
