#          "WCT"        "GVT VALUE"           "EVENTS"     "CUMUL EVENTS"
        1.075000         156.845731                350                350
        2.011000         238.426628                700               1050
        3.065000         310.194156                910               1960
        4.055000         391.308732               1300               3260
        5.014000         487.409756               1420               4680
        6.038000         597.657760               2149               6829
        7.076000         713.892649               2071               8900
        8.046000         844.252462               2360              11260
        9.027000         980.344190               2310              13570
       10.036000        1131.499661               2540              16110
       11.057000        1288.340154               2960              19070
       12.064000        1454.224471               3130              22200
       13.093000        1619.579667               3200              25400
