#          "WCT"        "GVT VALUE"           "EVENTS"     "CUMUL EVENTS"
        1.059000         156.845731                240                240
        2.030000         238.426628                460                700
        3.054000         310.194156                590               1290
        4.040000         391.308732                940               2230
        5.027000         487.409756               1560               3790
        6.032000         597.657760               2060               5850
        7.065000         713.892649               1880               7730
        8.039000         844.252462               2450              10180
        9.036000         980.344190               2530              12710
       10.036000        1131.499661               2730              15440
       11.052000        1288.340154               2810              18250
       12.068000        1454.224471               2970              21220
       13.091000        1619.579667               3120              24340
