#          "WCT"        "GVT VALUE"           "EVENTS"     "CUMUL EVENTS"
        1.124000         153.234349                310                310
        2.045000         238.106962                490                800
        3.029000         301.409741                680               1480
        4.022000         375.725055                910               2390
        5.017000         455.293868               1160               3550
        6.036000         537.372724               1600               5150
        7.069000         630.957126               1680               6830
        8.053000         737.240128               1930               8760
        9.056000         851.254967               2130              10890
       10.037000         974.821140               2400              13290
       11.055000        1108.354120               2560              15850
