#          "WCT"        "GVT VALUE"           "EVENTS"     "CUMUL EVENTS"
        1.116000         156.845731                410                410
        2.024000         238.426628                780               1190
        3.061000         310.194156                850               2040
        4.044000         391.308732               1010               3050
        5.020000         487.409756               1610               4660
        6.030000         597.657760               1890               6550
        7.069000         713.892649               2090               8640
        8.041000         844.252462               2240              10880
        9.030000         980.344190               2560              13440
       10.041000        1131.499661               2730              16170
       11.058000        1288.340154               2860              19030
       12.062000        1454.224471               2930              21960
       13.085000        1619.579667               2830              24790
