#          "WCT"        "GVT VALUE"           "EVENTS"     "CUMUL EVENTS"
        1.126000         153.234349                350                350
        2.047000         238.106962                900               1250
        3.023000         301.409741                880               2130
        4.021000         375.725055               1120               3250
        5.027000         455.293868               1240               4490
        6.029000         537.372724               1450               5940
        7.073000         630.957126               1750               7690
        8.048000         737.240128               2010               9700
        9.067000         851.254967               2300              12000
       10.032000         974.821140               2260              14260
       11.056000        1108.354120               2470              16730
