#          "WCT"        "GVT VALUE"           "EVENTS"     "CUMUL EVENTS"
        1.116000         153.234349                180                180
        2.056000         238.106962                740                920
        3.029000         301.409741                920               1840
        4.021000         375.725055               1010               2850
        5.028000         455.293868               1430               4280
        6.027000         537.372724               1680               5960
        7.065000         630.957126               1670               7630
        8.037000         737.240128               1830               9460
        9.069000         851.254967               2080              11540
       10.037000         974.821140               2160              13700
       11.058000        1108.354120               2470              16170
