#          "WCT"        "GVT VALUE"           "EVENTS"     "CUMUL EVENTS"
        1.087000         153.234349                240                240
        2.049000         238.106962                160                400
        3.030000         301.409741                130                530
        4.027000         375.725055                330                860
        5.030000         455.293868                770               1630
        6.031000         537.372724               1290               2920
        7.071000         630.957126               1580               4500
        8.060000         737.240128               2000               6500
        9.070000         851.254967               2220               8720
       10.041000         974.821140               2170              10890
       11.059000        1108.354120               2280              13170
