#          "WCT"        "GVT VALUE"           "EVENTS"     "CUMUL EVENTS"
        1.096000         153.234349                 90                 90
        2.054000         238.106962                570                660
        3.029000         301.409741                630               1290
        4.029000         375.725055                990               2280
        5.021000         455.293868               1400               3680
        6.036000         537.372724               1640               5320
        7.069000         630.957126               1720               7040
        8.057000         737.240128               2080               9120
        9.066000         851.254967               2270              11390
       10.033000         974.821140               2320              13710
       11.059000        1108.354120               2570              16280
