#          "WCT"        "GVT VALUE"           "EVENTS"     "CUMUL EVENTS"
        1.142000         156.845731                280                280
        2.010000         238.426628                620                900
        3.062000         310.194156                700               1600
        4.047000         391.308732                880               2480
        5.026000         487.409756               1480               3960
        6.034000         597.657760               1930               5890
        7.066000         713.892649               2150               8040
        8.039000         844.252462               2450              10490
        9.021000         980.344190               2480              12970
       10.035000        1131.499661               2750              15720
       11.061000        1288.340154               2740              18460
       12.071000        1454.224471               3200              21660
       13.096000        1619.579667               3100              24760
