#          "WCT"        "GVT VALUE"           "EVENTS"     "CUMUL EVENTS"
        1.066000         156.845731                200                200
        2.021000         238.426628                110                310
        3.052000         310.194156                130                440
        4.041000         391.308732                560               1000
        5.024000         487.409756               1090               2090
        6.039000         597.657760               1840               3930
        7.079000         713.892649               2220               6150
        8.035000         844.252462               2380               8530
        9.031000         980.344190               2650              11180
       10.031000        1131.499661               2930              14110
       11.060000        1288.340154               2930              17040
       12.066000        1454.224471               3130              20170
       13.094000        1619.579667               3030              23200
