#          "WCT"        "GVT VALUE"           "EVENTS"     "CUMUL EVENTS"
        1.086000         153.234349                420                420
        2.054000         238.106962                570                990
        3.023000         301.409741                660               1650
        4.027000         375.725055               1030               2680
        5.028000         455.293868               1300               3980
        6.030000         537.372724               1460               5440
        7.068000         630.957126               1620               7060
        8.025000         737.240128               1800               8860
        9.071000         851.254967               2040              10900
       10.033000         974.821140               2360              13260
       11.060000        1108.354120               2290              15550
