#          "WCT"        "GVT VALUE"           "EVENTS"     "CUMUL EVENTS"
        1.070000         153.234349                500                500
        2.050000         238.106962                990               1490
        3.021000         301.409741                820               2310
        4.017000         375.725055               1380               3690
        5.017000         455.293868               1450               5140
        6.031000         537.372724               1530               6670
        7.060000         630.957126               1570               8240
        8.051000         737.240128               2040              10280
        9.059000         851.254967               2110              12390
       10.039000         974.821140               2500              14890
       11.055000        1108.354120               2580              17470
