#          "WCT"        "GVT VALUE"           "EVENTS"     "CUMUL EVENTS"
        1.125000         156.845731                890                890
        2.016000         238.426628                760               1650
        3.061000         310.194156                650               2300
        4.045000         391.308732                910               3210
        5.022000         487.409756               1490               4700
        6.040000         597.657760               2100               6800
        7.068000         713.892649               2150               8950
        8.042000         844.252462               2210              11160
        9.033000         980.344190               2570              13730
       10.030000        1131.499661               2660              16390
       11.061000        1288.340154               2940              19330
       12.068000        1454.224471               3240              22570
       13.093000        1619.579667               3200              25770
