#          "WCT"        "GVT VALUE"           "EVENTS"     "CUMUL EVENTS"
        1.108000         156.845731                480                480
        2.009000         238.426628                420                900
        3.052000         310.194156                440               1340
        4.055000         391.308732                770               2110
        5.015000         487.409756               1500               3610
        6.039000         597.657760               1920               5530
        7.073000         713.892649               2150               7680
        8.043000         844.252462               2390              10070
        9.035000         980.344190               2390              12460
       10.031000        1131.499661               2910              15370
       11.051000        1288.340154               2830              18200
       12.075000        1454.224471               3260              21460
       13.090000        1619.579667               3020              24480
