#          "WCT"        "GVT VALUE"           "EVENTS"     "CUMUL EVENTS"
        1.054000         156.845731                260                260
        2.018000         238.426628                150                410
        3.063000         310.194156                290                700
        4.054000         391.308732                600               1300
        5.018000         487.409756               1340               2640
        6.032000         597.657760               1920               4560
        7.074000         713.892649               2100               6660
        8.033000         844.252462               2320               8980
        9.028000         980.344190               2590              11570
       10.043000        1131.499661               2790              14360
       11.054000        1288.340154               2700              17060
       12.077000        1454.224471               3340              20400
       13.095000        1619.579667               2970              23370
