#          "WCT"        "GVT VALUE"           "EVENTS"     "CUMUL EVENTS"
        1.070000         156.845731                270                270
        2.012000         238.426628                450                720
        3.055000         310.194156                900               1620
        4.052000         391.308732               1210               2830
        5.027000         487.409756               1500               4330
        6.034000         597.657760               1900               6230
        7.072000         713.892649               2150               8380
        8.032000         844.252462               2300              10680
        9.032000         980.344190               2440              13120
       10.040000        1131.499661               2650              15770
       11.050000        1288.340154               3010              18780
       12.062000        1454.224471               3140              21920
       13.095000        1619.579667               3160              25080
